
ans =

   3.3969e-07

      0.10653      0.02695    -0.051188


pp =

      0.28854      -1.8946      0.98169


zero =

      0.98169


prova =

     -0.60701

uiopen('F:\CN\CN-Lab\Lab11\UsainBolt.m',1)
UsainBolt

dades =

            0            0
           10         1.85
           20         2.89
           30         3.78
           40         4.64
           50         5.49
           60         6.31
           70         7.11
           80         7.92
           90         8.74
          100         9.58

UsainBolt

dades =

            0            0
           10         1.85
           20         2.89
           30         3.78
           40         4.64
           50         5.49
           60         6.31
           70         7.11
           80         7.92
           90         8.74
          100         9.58

UsainBolt

dades =

            0            0
           10         1.85
           20         2.89
           30         3.78
           40         4.64
           50         5.49
           60         6.31
           70         7.11
           80         7.92
           90         8.74
          100         9.58

UsainBolt
{Error: <a href="matlab: opentoline('F:\CN\CN-Lab\Lab11\UsainBolt.m',19,34)">File: UsainBolt.m Line: 19 Column: 34
</a>Expression or statement is incorrect--possibly unbalanced (, {, or [.
} 
UsainBolt

dades =

            0            0
           10         1.85
           20         2.89
           30         3.78
           40         4.64
           50         5.49
           60         6.31
           70         7.11
           80         7.92
           90         8.74
          100         9.58

UsainBolt

dades =

            0            0
           10         1.85
           20         2.89
           30         3.78
           40         4.64
           50         5.49
           60         6.31
           70         7.11
           80         7.92
           90         8.74
          100         9.58

UsainBolt

dades =

            0            0
           10         1.85
           20         2.89
           30         3.78
           40         4.64
           50         5.49
           60         6.31
           70         7.11
           80         7.92
           90         8.74
          100         9.58

Lab12_Ex2
un rectangle
 R1 = (t(3)-t(1))*v(2)+t(5)-t(3))*v(4)+(t(7)-t(5))*v(6)
                                
{Error: Unbalanced or unexpected parenthesis or bracket.
} 
un rectangle

R1 =

   126

tres rectangles

R1 =

   150

Lab12_Ex2
{Error: <a href="matlab: opentoline('F:\CN\CN-Lab\Lab11\Lab12_Ex2.m',33,39)">File: Lab12_Ex2.m Line: 33 Column: 39
</a>Expression or statement is incorrect--possibly unbalanced (, {, or [.
} 
sis trapezis

T6 =

   132

Lab12_Ex3

qS =

         0.386294334336416


qL =

         0.386294360344938

{Undefined function or variable 'quadk'.

Error in <a href="matlab:matlab.internal.language.introspective.errorDocCallback('Lab12_Ex3', 'F:\CN\CN-Lab\Lab11\Lab12_Ex3.m', 13)" style="font-weight:bold">Lab12_Ex3</a> (<a href="matlab: opentoline('F:\CN\CN-Lab\Lab11\Lab12_Ex3.m',13,0)">line 13</a>)
qK = quadk(f,a,b,tol)
} 
Lab12_Ex3

qS =

         0.386294334336416


qL =

         0.386294360344938

{Error using <a href="matlab:matlab.internal.language.introspective.errorDocCallback('quadgk', 'C:\Program Files\MATLAB\R2016b\toolbox\matlab\funfun\quadgk.m', 129)" style="font-weight:bold">quadgk</a> (<a href="matlab: opentoline('C:\Program Files\MATLAB\R2016b\toolbox\matlab\funfun\quadgk.m',129,0)">line 129</a>)
Expected a string scalar or character vector for the parameter name, instead the input type was 'double'.

Error in <a href="matlab:matlab.internal.language.introspective.errorDocCallback('Lab12_Ex3', 'F:\CN\CN-Lab\Lab11\Lab12_Ex3.m', 13)" style="font-weight:bold">Lab12_Ex3</a> (<a href="matlab: opentoline('F:\CN\CN-Lab\Lab11\Lab12_Ex3.m',13,0)">line 13</a>)
qK = quadgk(f,a,b,tol)
} 
Lab12_Ex3

qS =

         0.386294334336416


qL =

         0.386294360344938


qK =

         0.386294361119891

